symbol,filing_date,intim_date,acq_from_date,acq_to_date,person_category,acq_mode,transaction_type,sec_type,security_acquired_disposed,buy_quantity,sell_quantity,buy_value,sell_value,shares_before_no,shares_before_pct,shares_after_no,shares_after_pct
EROSMEDIA,2016-01-20 17:09:00,2016-01-18,2016-01-06,2016-01-14,Employees/Designated Employees,Market Sale,Sell,Equity Shares,5000.0,0.0,0.0,0.0,0.0,5098.0,0.0,98.0,0.0
EROSMEDIA,2017-03-02 16:59:00,2017-03-01,2017-01-02,2017-02-28,Employees/Designated Employees,Market Sale,Sell,Equity Shares,6752.0,0.0,0.0,0.0,0.0,6752.0,0.0,,0.0
EROSMEDIA,2017-03-08 19:19:00,2017-03-08,2017-01-12,2017-03-08,Employees/Designated Employees,Market Sale,Sell,Equity Shares,8050.0,0.0,0.0,0.0,0.0,8658.0,0.0,608.0,0.0
EROSMEDIA,2017-03-08 19:19:00,2017-03-08,2017-01-09,2017-03-08,Employees/Designated Employees,Market Sale,Sell,Equity Shares,6500.0,0.0,0.0,0.0,0.0,8363.0,0.0,1863.0,0.0
EROSMEDIA,2017-03-08 19:19:00,2017-03-08,2017-02-28,2017-03-08,Employees/Designated Employees,Market Sale,Sell,Equity Shares,5050.0,0.0,0.0,0.0,0.0,8848.0,0.0,3798.0,0.0
EROSMEDIA,2017-03-09 18:32:00,2017-03-09,2017-03-09,2017-03-09,Employees/Designated Employees,Market Sale,Sell,Equity Shares,8324.0,0.0,0.0,0.0,0.0,8324.0,0.0,,0.0
EROSMEDIA,2017-03-09 18:32:00,2017-03-09,2017-03-09,2017-03-09,Employees/Designated Employees,Market Sale,Sell,Equity Shares,1600.0,0.0,0.0,0.0,0.0,1863.0,0.0,263.0,0.0
EROSMEDIA,2017-03-09 18:32:00,2017-03-09,2017-03-08,2017-03-09,Employees/Designated Employees,Market Sale,Sell,Equity Shares,5860.0,0.0,0.0,0.0,0.0,9860.0,0.0,4000.0,0.0
EROSMEDIA,2017-03-14 18:16:00,2017-03-14,2017-03-09,2017-03-09,Employees/Designated Employees,Market Sale,Sell,Equity Shares,3798.0,0.0,0.0,0.0,0.0,3798.0,0.0,,0.0
EROSMEDIA,2017-03-16 16:24:00,2017-03-15,2017-03-10,2017-03-10,Employees/Designated Employees,Market Sale,Sell,Equity Shares,5293.0,0.0,0.0,0.0,0.0,7293.0,0.0,2000.0,0.0
EROSMEDIA,2017-03-16 16:24:00,2017-03-15,2017-03-10,2017-03-10,Employees/Designated Employees,Market Sale,Sell,Equity Shares,5000.0,0.0,0.0,0.0,0.0,5300.0,0.0,300.0,0.0
EROSMEDIA,2017-03-20 17:25:00,2017-03-20,2017-03-20,2017-03-20,Employees/Designated Employees,Market Sale,Sell,Equity Shares,250.0,0.0,0.0,0.0,0.0,263.0,0.0,13.0,0.0
EROSMEDIA,2017-03-27 18:36:00,2017-03-27,2017-02-22,2017-03-27,Employees/Designated Employees,Market Sale,Sell,Equity Shares,4500.0,0.0,0.0,0.0,0.0,31480.0,0.0,26980.0,0.0
EROSMEDIA,2017-03-29 18:47:00,2017-03-29,2017-03-27,2017-03-27,Employees/Designated Employees,Market Sale,Sell,Equity Shares,1000.0,0.0,0.0,0.0,0.0,26980.0,0.0,25980.0,0.0
EROSMEDIA,2017-03-29 18:47:00,2017-03-29,2017-03-27,2017-03-27,Employees/Designated Employees,Market Sale,Sell,Equity Shares,500.0,0.0,0.0,0.0,0.0,608.0,0.0,108.0,0.0
EROSMEDIA,2017-04-13 18:06:00,2017-04-12,2017-04-11,2017-04-11,Director,Market Sale,Sell,Equity Shares,108971.0,0.0,0.0,0.0,0.0,142790.0,0.01,33819.0,0.0
EROSMEDIA,2017-04-26 19:48:00,2017-04-26,2017-04-24,2017-04-26,Promoters,Market Sale,Sell,Equity Shares,2266558.0,0.0,0.0,0.0,0.0,47126290.0,49.94,44859732.0,47.54
EROSMEDIA,2017-05-02 19:16:00,2017-04-28,2017-04-27,2017-04-28,Promoters,Market Sale,Sell,Equity Shares,70919.0,0.0,0.0,0.0,0.0,44859732.0,47.54,44788813.0,47.46
EROSMEDIA,2017-05-04 18:55:00,2017-05-02,2017-04-27,2017-04-27,Director,ESOP,Buy,Equity Shares,360000.0,0.0,0.0,0.0,0.0,33819.0,0.0,393819.0,0.42
EROSMEDIA,2017-05-04 19:49:00,2017-05-04,2017-05-02,2017-05-04,Promoters,Market Sale,Sell,Equity Shares,458939.0,0.0,0.0,0.0,0.0,44788813.0,47.46,44329874.0,46.98
EROSMEDIA,2017-05-05 19:16:00,2017-05-04,2017-04-27,2017-05-03,Key Managerial Personnel,Market Sale,Sell,Equity Shares,7000.0,0.0,0.0,0.0,0.0,14667.0,0.0,7667.0,0.0
EROSMEDIA,2017-05-05 19:16:00,2017-05-03,2017-04-17,2017-05-02,Employees/Designated Employees,Market Sale,Sell,Equity Shares,5475.0,0.0,0.0,0.0,0.0,5531.0,0.0,56.0,0.0
EROSMEDIA,2017-05-09 21:12:00,2017-05-09,2017-05-05,2017-05-08,Promoter Group,Market Sale,Sell,Equity Shares,3487758.0,0.0,0.0,0.0,0.0,44329874.0,46.98,40842116.0,43.28
EROSMEDIA,2017-05-09 21:16:00,2017-05-09,2017-03-27,2017-05-08,Promoters,Pledge Creation,Pledge,Equity Shares,5380000.0,0.0,0.0,0.0,0.0,40842116.0,43.28,40842116.0,43.28
EROSMEDIA,2017-05-15 18:45:00,2017-05-11,2017-05-09,2017-05-09,Employees/Designated Employees,Market Sale,Sell,Equity Shares,10000.0,0.0,0.0,0.0,0.0,19952.0,0.02,9952.0,0.01
EROSMEDIA,2017-05-16 19:28:00,2017-05-16,2017-05-15,2017-05-15,Promoters,Pledge Creation,Pledge,Equity Shares,2400000.0,0.0,0.0,0.0,0.0,40842116.0,43.28,40842116.0,43.28
EROSMEDIA,2017-05-19 18:43:00,2017-05-18,2017-05-15,2017-05-17,Employees/Designated Employees,Market Sale,Sell,Equity Shares,9750.0,0.0,0.0,0.0,0.0,9952.0,0.01,202.0,0.0
EROSMEDIA,2017-05-25 19:14:00,2017-05-25,2017-05-23,2017-05-23,Promoters,Pledge Creation,Pledge,Equity Shares,425000.0,0.0,0.0,0.0,0.0,40842116.0,43.25,40842116.0,43.25
EROSMEDIA,2017-06-09 16:46:00,2017-06-08,2017-06-02,2017-06-06,Employees/Designated Employees,Market Sale,Sell,Equity Shares,4000.0,0.0,0.0,0.0,0.0,9056.0,0.0,5056.0,0.0
EROSMEDIA,2017-06-16 18:07:00,2017-06-15,2017-06-09,2017-06-14,Employees/Designated Employees,Market Sale,Sell,Equity Shares,4000.0,0.0,0.0,0.0,0.0,5056.0,0.0,1056.0,0.0
EROSMEDIA,2017-07-07 18:47:00,2017-07-07,2017-07-05,2017-07-05,Promoters,Pledge Creation,Pledge,Equity Shares,7000000.0,0.0,0.0,0.0,0.0,40842116.0,43.24,40842116.0,43.24
EROSMEDIA,2017-07-12 19:18:00,2017-07-12,2017-07-07,2017-07-12,Promoters,Market Sale,Sell,Equity Shares,117794.0,0.0,0.0,0.0,0.0,40842116.0,43.24,40724322.0,43.12
EROSMEDIA,2017-07-17 19:04:00,2017-07-17,2017-07-13,2017-07-17,Promoters,Market Sale,Sell,Equity Shares,1514596.0,0.0,0.0,0.0,0.0,40724322.0,43.12,39209726.0,41.51
EROSMEDIA,2017-07-19 19:57:00,2017-07-19,2017-07-18,2017-07-19,Promoters,Market Sale,Sell,Equity Shares,1754261.0,0.0,0.0,0.0,0.0,39209726.0,41.51,37455465.0,39.66
EROSMEDIA,2017-07-24 19:14:00,2017-07-24,2017-07-21,2017-07-21,Promoters,Market Sale,Sell,Equity Shares,332963.0,0.0,0.0,0.0,0.0,37455465.0,39.66,37122502.0,39.3
EROSMEDIA,2017-07-28 18:58:00,2017-07-27,2017-07-25,2017-07-26,Promoters,Market Sale,Sell,Equity Shares,613062.0,0.0,0.0,0.0,0.0,37122502.0,39.3,36509440.0,38.65
EROSMEDIA,2017-08-01 19:28:00,2017-07-31,2017-07-28,2017-07-28,Promoters,Market Sale,Sell,Equity Shares,500000.0,0.0,0.0,0.0,0.0,36509440.0,38.65,36009440.0,38.13
EROSMEDIA,2017-08-16 20:05:00,2017-08-14,2017-08-11,2017-08-11,Promoters,Pledge Creation,Pledge,Equity Shares,750000.0,0.0,0.0,0.0,0.0,36009440.0,38.13,36009440.0,38.13
EROSMEDIA,2017-08-22 18:00:00,2017-08-21,2017-08-21,2017-08-21,Promoters,Market Sale,Sell,Equity Shares,600000.0,0.0,0.0,0.0,0.0,36009440.0,38.13,35409440.0,37.49
EROSMEDIA,2017-08-23 19:34:00,2017-08-23,2017-08-18,2017-08-23,Promoters,Pledge Creation,Pledge,Equity Shares,1625000.0,0.0,0.0,0.0,0.0,35409440.0,37.49,35409440.0,37.49
EROSMEDIA,2017-09-11 18:43:00,2017-09-08,2017-09-06,2017-09-06,Employees/Designated Employees,Market Sale,Sell,Equity Shares,5000.0,0.0,0.0,0.0,0.0,30980.0,0.03,25980.0,0.03
EROSMEDIA,2017-12-21 19:44:00,2017-12-21,2017-12-21,2017-12-21,Promoters,Pledge Creation,Pledge,Equity Shares,1973700.0,0.0,0.0,0.0,0.0,35409440.0,37.42,35409440.0,37.42
EROSMEDIA,2017-12-21 19:44:00,2017-12-21,2017-12-21,2017-12-21,Promoters,Revokation of Pledge,Pledge Revoke,Equity Shares,2132739.0,0.0,0.0,0.0,0.0,35409440.0,37.42,35409440.0,37.42
EROSMEDIA,2018-01-02 18:39:00,2017-12-29,2017-11-17,2017-12-27,Employees/Designated Employees,Market Sale,Sell,Equity Shares,5000.0,0.0,0.0,0.0,0.0,5110.0,0.0,110.0,0.0
EROSMEDIA,2018-01-05 13:46:00,2018-01-04,2018-01-02,2018-01-02,Employees/Designated Employees,Market Sale,Sell,Equity Shares,5000.0,0.0,0.0,0.0,0.0,23083.0,0.02,18083.0,0.02
EROSMEDIA,2018-01-29 19:06:00,2018-01-23,2018-01-19,2018-01-19,Director,Market Sale,Sell,Equity Shares,33819.0,0.0,0.0,0.0,0.0,393819.0,0.42,360000.0,0.38
EROSMEDIA,2018-02-22 19:49:00,2018-02-22,2018-02-21,2018-02-21,Promoters,Pledge Creation,Pledge,Equity Shares,50000.0,0.0,0.0,0.0,0.0,35409440.0,37.42,35409440.0,37.42
EROSMEDIA,2018-03-16 13:49:00,2018-03-15,2018-03-14,2018-03-14,Promoters,Pledge Creation,Pledge,Equity Shares,182182.0,0.0,0.0,0.0,0.0,35409440.0,37.28,35409440.0,37.28
EROSMEDIA,2018-03-21 19:07:00,2018-03-19,2018-01-04,2018-03-16,Employees/Designated Employees,Market Sale,Sell,Equity Shares,5500.0,0.0,0.0,0.0,0.0,11029.0,0.0,5529.0,0.0
EROSMEDIA,2018-03-27 18:47:00,2018-03-27,2018-03-23,2018-03-27,Promoters,Pledge Creation,Pledge,Equity Shares,2534993.0,0.0,0.0,0.0,0.0,35409440.0,37.28,35409440.0,37.28
EROSMEDIA,2018-04-11 18:25:00,2018-04-10,2018-04-10,2018-04-10,Promoters,Revokation of Pledge,Pledge Revoke,Equity Shares,1000000.0,0.0,0.0,0.0,0.0,35409440.0,37.24,35409440.0,37.24
EROSMEDIA,2018-04-11 18:25:00,2018-04-10,2018-04-06,2018-04-09,Promoters,Pledge Creation,Pledge,Equity Shares,1858000.0,0.0,0.0,0.0,0.0,35409440.0,37.24,35409440.0,37.24
EROSMEDIA,2018-04-23 19:14:00,2018-04-19,2018-04-17,2018-04-17,Employees/Designated Employees,ESOP,Buy,Equity Shares,39000.0,0.0,0.0,0.0,0.0,15161.0,0.02,54161.0,0.06
EROSMEDIA,2018-04-23 19:14:00,2018-04-19,2018-04-17,2018-04-17,Employees/Designated Employees,ESOP,Buy,Equity Shares,6000.0,0.0,0.0,0.0,0.0,28846.0,0.03,34846.0,0.04
EROSMEDIA,2018-04-23 19:14:00,2018-04-19,2018-04-17,2018-04-17,Employees/Designated Employees,ESOP,Buy,Equity Shares,6257.0,0.0,0.0,0.0,0.0,6972.0,0.0,13229.0,0.02
EROSMEDIA,2018-04-23 19:14:00,2018-04-19,2018-04-17,2018-04-17,Employees/Designated Employees,ESOP,Buy,Equity Shares,6667.0,0.0,0.0,0.0,0.0,110.0,0.0,6777.0,0.0
EROSMEDIA,2018-04-23 19:14:00,2018-04-19,2018-04-17,2018-04-17,Employees/Designated Employees,ESOP,Buy,Equity Shares,13000.0,0.0,0.0,0.0,0.0,18083.0,0.02,31083.0,0.03
EROSMEDIA,2018-04-23 19:14:00,2018-04-19,2018-04-17,2018-04-17,Employees/Designated Employees,ESOP,Buy,Equity Shares,8575.0,0.0,0.0,0.0,0.0,10100.0,0.01,18675.0,0.02
EROSMEDIA,2018-04-30 17:35:00,2018-04-27,2018-04-25,2018-04-25,Employees/Designated Employees,Market Sale,Sell,Equity Shares,2700.0,0.0,0.0,0.0,0.0,6777.0,0.0,4077.0,0.0
EROSMEDIA,2018-05-08 19:05:00,2018-05-07,2018-05-03,2018-05-03,Promoters,Pledge Creation,Pledge,Equity Shares,25000.0,0.0,0.0,0.0,0.0,35409440.0,37.24,35409440.0,37.24
EROSMEDIA,2018-05-14 18:11:00,2018-05-11,2018-05-10,2018-05-10,Employees/Designated Employees,Market Sale,Sell,Equity Shares,3000.0,0.0,0.0,0.0,0.0,4077.0,0.0,1077.0,0.0
EROSMEDIA,2018-05-15 19:54:00,2018-05-15,2018-05-11,2018-05-15,Promoters,Pledge Creation,Pledge,Equity Shares,5863616.0,0.0,0.0,0.0,0.0,35409440.0,37.24,35409440.0,37.24
EROSMEDIA,2018-05-18 15:50:00,2018-05-16,2018-05-14,2018-05-14,Employees/Designated Employees,Market Sale,Sell,Equity Shares,1000.0,0.0,0.0,0.0,0.0,1077.0,0.0,77.0,0.0
EROSMEDIA,2018-05-21 20:27:00,2018-05-21,2018-05-17,2018-05-21,Promoters,Pledge Creation,Pledge,Equity Shares,1042822.0,0.0,0.0,0.0,0.0,35409440.0,37.24,35409440.0,37.24
EROSMEDIA,2018-05-24 17:26:00,2018-05-24,2018-05-22,2018-05-24,Promoters,Pledge Creation,Pledge,Equity Shares,3057824.0,0.0,0.0,0.0,0.0,35409440.0,37.24,35409440.0,37.24
EROSMEDIA,2018-06-15 19:19:00,2018-06-15,2018-04-03,2018-06-14,Employees/Designated Employees,Market Sale,Sell,Equity Shares,6000.0,0.0,0.0,0.0,0.0,13293.0,0.01,7293.0,0.0
EROSMEDIA,2018-06-18 16:44:00,2018-06-18,2018-06-15,2018-06-15,Employees/Designated Employees,ESOP,Buy,Equity Shares,7672.0,0.0,0.0,0.0,0.0,10946.0,0.01,18618.0,0.02
EROSMEDIA,2018-07-02 19:08:00,2018-07-02,2018-06-28,2018-07-02,Promoters,Pledge Creation,Pledge,Equity Shares,1852317.0,0.0,0.0,0.0,0.0,35409440.0,37.23,35409440.0,37.23
EROSMEDIA,2018-07-05 17:39:00,2018-07-03,2018-04-06,2018-06-29,Employees/Designated Employees,Market Sale,Sell,Equity Shares,7110.0,0.0,0.0,0.0,0.0,12196.0,0.01,5086.0,0.01
EROSMEDIA,2018-07-12 16:42:00,2018-07-12,2018-07-10,2018-07-10,Promoters,Pledge Creation,Pledge,Equity Shares,786000.0,0.0,0.0,0.0,0.0,35409440.0,37.23,35409440.0,37.23
EROSMEDIA,2018-07-19 18:31:00,2018-07-19,2018-07-17,2018-07-17,Promoters,Pledge Creation,Pledge,Equity Shares,117000.0,0.0,0.0,0.0,0.0,35409440.0,37.23,35409440.0,37.23
EROSMEDIA,2018-07-25 17:49:00,2018-07-24,2018-07-20,2018-07-23,Promoters,Pledge Creation,Pledge,Equity Shares,705000.0,0.0,0.0,0.0,0.0,35409440.0,37.23,35409440.0,37.23
EROSMEDIA,2018-08-02 18:39:00,2018-08-02,2018-07-31,2018-07-31,Promoters,Revokation of Pledge,Pledge Revoke,Equity Shares,250000.0,0.0,0.0,0.0,0.0,35409440.0,37.23,35409440.0,37.23
EROSMEDIA,2018-08-10 16:04:00,2018-08-09,2018-08-07,2018-08-07,Promoters,Revokation of Pledge,Pledge Revoke,Equity Shares,195000.0,0.0,0.0,0.0,0.0,35409440.0,37.23,35409440.0,37.23
EROSMEDIA,2018-08-22 18:03:00,2018-08-22,2018-08-21,2018-08-21,Promoters,Revokation of Pledge,Pledge Revoke,Equity Shares,96000.0,0.0,0.0,0.0,0.0,35409440.0,37.23,35409440.0,37.23
EROSMEDIA,2018-08-22 18:03:00,2018-08-20,2018-08-10,2018-08-16,Promoters,Revokation of Pledge,Pledge Revoke,Equity Shares,158627.0,0.0,0.0,0.0,0.0,35409440.0,37.23,35409440.0,37.23
EROSMEDIA,2018-09-24 20:15:00,2018-09-24,2018-09-24,2018-09-24,Promoters,Pledge Creation,Pledge,Equity Shares,811116.0,0.0,0.0,0.0,0.0,35409440.0,37.23,35409440.0,37.23
EROSMEDIA,2018-09-24 20:15:00,2018-09-21,2018-09-18,2018-09-19,Promoters,Pledge Creation,Pledge,Equity Shares,364520.0,0.0,0.0,0.0,0.0,35409440.0,37.23,35409440.0,37.23
EROSMEDIA,2018-10-01 19:30:00,2018-09-28,2018-09-26,2018-09-26,Promoters,Revokation of Pledge,Pledge Revoke,Equity Shares,1000000.0,0.0,0.0,0.0,0.0,35409440.0,37.23,35409440.0,37.23
EROSMEDIA,2018-10-01 19:30:00,2018-09-28,2018-09-26,2018-09-28,Promoters,Pledge Creation,Pledge,Equity Shares,1220629.0,0.0,0.0,0.0,0.0,35409440.0,37.23,35409440.0,37.23
EROSMEDIA,2018-10-04 19:19:00,2018-10-04,2018-10-03,2018-10-03,Promoters,Pledge Creation,Pledge,Equity Shares,5524089.0,0.0,0.0,0.0,0.0,35409440.0,37.23,35409440.0,37.23
EROSMEDIA,2018-10-04 19:19:00,2018-10-04,2018-10-01,2018-10-01,Promoters,Revokation of Pledge,Pledge Revoke,Equity Shares,6850000.0,0.0,0.0,0.0,0.0,35409440.0,37.23,35409440.0,37.23
EROSMEDIA,2018-10-29 18:46:00,2018-10-29,2018-10-29,2018-10-29,Promoters,Pledge Creation,Pledge,Equity Shares,1522864.0,0.0,0.0,0.0,0.0,35409440.0,37.23,35409440.0,37.23
EROSMEDIA,2018-10-29 18:46:00,2018-10-25,2018-10-23,2018-10-24,Promoters,Pledge Creation,Pledge,Equity Shares,418301.0,0.0,0.0,0.0,0.0,35409440.0,37.23,35409440.0,37.23
EROSMEDIA,2018-10-29 18:46:00,2018-10-25,2018-10-24,2018-10-24,Promoters,Revokation of Pledge,Pledge Revoke,Equity Shares,750000.0,0.0,0.0,0.0,0.0,35409440.0,37.23,35409440.0,37.23
EROSMEDIA,2018-10-30 19:39:00,2018-10-30,2018-10-30,2018-10-30,Promoters,Market Purchase,Buy,Equity Shares,123994.0,0.0,0.0,0.0,0.0,35409440.0,37.23,35533434.0,37.36
EROSMEDIA,2018-10-31 17:13:00,2018-10-31,2018-10-31,2018-10-31,Promoters,Market Purchase,Buy,Equity Shares,153318.0,0.0,0.0,0.0,0.0,35533434.0,37.36,35686752.0,37.52
EROSMEDIA,2018-11-01 18:44:00,2018-11-01,2018-11-01,2018-11-01,Promoters,Market Purchase,Buy,Equity Shares,100000.0,0.0,0.0,0.0,0.0,35686752.0,37.52,35786752.0,37.63
EROSMEDIA,2018-11-02 18:03:00,2018-11-02,2018-11-02,2018-11-02,Promoter Group,Market Purchase,Buy,Equity Shares,150000.0,0.0,0.0,0.0,0.0,35786752.0,37.63,35936752.0,37.78
EROSMEDIA,2018-11-05 18:07:00,2018-11-01,2018-10-30,2018-10-30,Promoters,Revokation of Pledge,Pledge Revoke,Equity Shares,750000.0,0.0,0.0,0.0,0.0,35786752.0,37.63,35786752.0,37.63
EROSMEDIA,2018-11-05 18:14:00,2018-11-05,2018-11-05,2018-11-05,Promoters,Market Purchase,Buy,Equity Shares,40000.0,0.0,0.0,0.0,0.0,35936752.0,37.78,35976752.0,37.83
EROSMEDIA,2018-11-06 17:01:00,2018-11-06,2018-11-06,2018-11-06,Promoters,Market Purchase,Buy,Equity Shares,82723.0,0.0,0.0,0.0,0.0,35976752.0,37.83,36059475.0,37.91
EROSMEDIA,2018-11-08 16:48:00,2018-11-08,2018-11-07,2018-11-07,Promoters,Market Purchase,Buy,Equity Shares,65000.0,0.0,0.0,0.0,0.0,36059475.0,37.91,36124475.0,37.98
EROSMEDIA,2018-11-12 17:39:00,2018-11-12,2018-11-12,2018-11-12,Promoters,Market Purchase,Buy,Equity Shares,25000.0,0.0,0.0,0.0,0.0,36197580.0,38.06,36222580.0,38.08
EROSMEDIA,2018-11-13 19:46:00,2018-11-13,2018-11-13,2018-11-13,Promoters,Market Purchase,Buy,Equity Shares,25000.0,0.0,0.0,0.0,0.0,36222580.0,38.08,36247580.0,38.11
EROSMEDIA,2018-11-16 18:45:00,2018-11-16,2018-11-16,2018-11-16,Promoters,Market Purchase,Buy,Equity Shares,75000.0,0.0,0.0,0.0,0.0,36247580.0,38.11,36322580.0,38.19
EROSMEDIA,2018-11-16 19:44:00,2018-11-16,2018-11-06,2018-11-16,Promoters,Revokation of Pledge,Pledge Revoke,Equity Shares,375000.0,0.0,0.0,0.0,0.0,36322580.0,38.19,36322580.0,38.19
EROSMEDIA,2018-11-19 18:13:00,2018-11-19,2018-11-19,2018-11-19,Promoters,Market Purchase,Buy,Equity Shares,25000.0,0.0,0.0,0.0,0.0,36322580.0,38.19,36347580.0,38.22
EROSMEDIA,2018-11-20 17:24:00,2018-11-20,2018-11-20,2018-11-20,Promoters,Market Purchase,Buy,Equity Shares,50000.0,0.0,0.0,0.0,0.0,36347580.0,38.22,36397580.0,38.27
EROSMEDIA,2018-11-21 17:27:00,2018-11-21,2018-11-21,2018-11-21,Promoters,Market Purchase,Buy,Equity Shares,75000.0,0.0,0.0,0.0,0.0,36397580.0,38.27,36472580.0,38.35
EROSMEDIA,2018-11-29 17:23:00,2018-11-29,2018-11-29,2018-11-29,Promoters,Market Purchase,Buy,Equity Shares,35000.0,0.0,0.0,0.0,0.0,36472580.0,38.26,36507580.0,38.3
EROSMEDIA,2018-11-29 18:13:00,2018-11-27,2018-11-23,2018-11-23,Employees/Designated Employees,ESOP,Buy,Equity Shares,9811.0,0.0,0.0,0.0,0.0,2626.0,0.0,12437.0,0.01
EROSMEDIA,2018-11-29 18:13:00,2018-11-27,2018-10-12,2018-11-22,Employees/Designated Employees,Market Sale,Sell,Equity Shares,1860.0,0.0,0.0,0.0,0.0,4486.0,0.0,2626.0,0.0
EROSMEDIA,2018-11-29 18:13:00,2018-11-27,2018-11-23,2018-11-23,Employees/Designated Employees,ESOP,Buy,Equity Shares,31776.0,0.0,0.0,0.0,0.0,54161.0,0.06,85937.0,0.09
EROSMEDIA,2018-12-03 09:28:00,2018-12-01,2018-11-30,2018-11-30,Promoters,Market Purchase,Buy,Equity Shares,15000.0,0.0,0.0,0.0,0.0,36507580.0,38.38,36522580.0,38.31
EROSMEDIA,2018-12-03 09:37:00,2018-11-30,2018-11-28,2018-11-28,Promoters,Revokation of Pledge,Pledge Revoke,Equity Shares,1000000.0,0.0,0.0,0.0,0.0,36522580.0,38.31,36522580.0,38.31
EROSMEDIA,2018-12-03 17:31:00,2018-12-03,2018-12-03,2018-12-03,Promoters,Market Purchase,Buy,Equity Shares,15000.0,0.0,0.0,0.0,0.0,36522580.0,38.31,36537580.0,38.33
EROSMEDIA,2018-12-07 16:56:00,2018-12-07,2018-12-07,2018-12-07,Promoters,Market Purchase,Buy,Equity Shares,100000.0,0.0,0.0,0.0,0.0,36537580.0,38.33,36637580.0,38.43
EROSMEDIA,2018-12-10 19:00:00,2018-12-10,2018-12-10,2018-12-10,Promoters,Market Purchase,Buy,Equity Shares,50000.0,0.0,0.0,0.0,0.0,36637580.0,38.43,36687580.0,38.48
EROSMEDIA,2018-12-11 18:36:00,2018-12-11,2018-12-11,2018-12-11,Promoters,Market Purchase,Buy,Equity Shares,25000.0,0.0,0.0,0.0,0.0,36687580.0,38.48,36712580.0,38.51
EROSMEDIA,2018-12-12 18:05:00,2018-12-12,2018-12-12,2018-12-12,Promoters,Market Purchase,Buy,Equity Shares,25000.0,0.0,0.0,0.0,0.0,36712580.0,38.51,36737580.0,38.54
EROSMEDIA,2018-12-14 17:22:00,2018-12-14,2018-12-14,2018-12-14,Promoters,Market Purchase,Buy,Equity Shares,12000.0,0.0,0.0,0.0,0.0,36737580.0,38.54,36749580.0,38.55
EROSMEDIA,2018-12-20 16:18:00,2018-11-23,2018-11-23,2018-11-23,Employees/Designated Employees,ESOP,Buy,Equity Shares,7140.0,0.0,0.0,0.0,0.0,293.0,0.0,7433.0,0.01
EROSMEDIA,2018-12-20 16:18:00,2018-12-18,2018-12-06,2018-12-18,Employees/Designated Employees,Market Sale,Sell,Equity Shares,3793.0,0.0,0.0,0.0,0.0,7433.0,0.01,3640.0,0.0
EROSMEDIA,2018-12-20 16:18:00,2018-12-19,2018-12-19,2018-12-19,Employees/Designated Employees,Market Sale,Sell,Equity Shares,500.0,0.0,0.0,0.0,0.0,3640.0,0.0,3140.0,0.0
EROSMEDIA,2018-12-20 16:18:00,2018-11-19,2018-10-16,2018-11-19,Employees/Designated Employees,Market Sale,Sell,Equity Shares,3000.0,0.0,0.0,0.0,0.0,3293.0,0.0,293.0,0.0
EROSMEDIA,2018-12-26 16:33:00,2018-12-26,2018-12-26,2018-12-26,Promoters,Market Purchase,Buy,Equity Shares,25000.0,0.0,0.0,0.0,0.0,36749580.0,38.55,36774580.0,38.58
EROSMEDIA,2019-01-03 13:29:00,2018-12-31,2018-12-27,2018-12-27,Employees/Designated Employees,Market Sale,Sell,Equity Shares,500.0,0.0,0.0,0.0,0.0,3140.0,0.0,2640.0,0.0
EROSMEDIA,2019-01-17 17:35:00,2019-01-17,2019-01-17,2019-01-17,Promoters,Market Purchase,Buy,Equity Shares,50000.0,0.0,0.0,0.0,0.0,36774580.0,38.58,36824580.0,38.63
EROSMEDIA,2019-01-21 19:38:00,2019-01-21,2019-01-21,2019-01-21,Promoters,Market Purchase,Buy,Equity Shares,50000.0,0.0,0.0,0.0,0.0,36824580.0,38.63,36874580.0,38.68
EROSMEDIA,2019-01-22 17:37:00,2019-01-22,2019-01-22,2019-01-22,Promoters,Market Purchase,Buy,Equity Shares,75000.0,0.0,0.0,0.0,0.0,36874580.0,38.68,36949580.0,38.76
EROSMEDIA,2019-01-23 20:42:00,2019-01-23,2019-01-23,2019-01-23,Promoters,Market Purchase,Buy,Equity Shares,15000.0,0.0,0.0,0.0,0.0,36949580.0,38.76,36964580.0,38.78
EROSMEDIA,2019-01-25 20:22:00,2019-01-25,2019-01-25,2019-01-25,Promoters,Market Purchase,Buy,Equity Shares,75000.0,0.0,0.0,0.0,0.0,36964580.0,38.78,37039580.0,38.85
EROSMEDIA,2019-01-28 20:14:00,2019-01-28,2019-01-28,2019-01-28,Promoters,Market Purchase,Buy,Equity Shares,60000.0,0.0,0.0,0.0,0.0,37039580.0,38.85,37099580.0,38.92
EROSMEDIA,2019-01-29 19:53:00,2019-01-29,2019-01-29,2019-01-29,Promoters,Market Purchase,Buy,Equity Shares,60000.0,0.0,0.0,0.0,0.0,37099580.0,38.92,37159580.0,38.98
EROSMEDIA,2019-01-30 17:57:00,2019-01-30,2019-01-30,2019-01-30,Promoters,Market Purchase,Buy,Equity Shares,25000.0,0.0,0.0,0.0,0.0,37159580.0,38.98,37184580.0,39.01
EROSMEDIA,2019-02-11 18:36:00,2019-02-11,2019-02-11,2019-02-11,Promoters,Market Purchase,Buy,Equity Shares,100000.0,0.0,0.0,0.0,0.0,37184580.0,39.01,37284580.0,39.11
EROSMEDIA,2019-02-12 17:03:00,2019-02-12,2019-02-12,2019-02-12,Promoters,Market Purchase,Buy,Equity Shares,180000.0,0.0,0.0,0.0,0.0,37284580.0,39.11,37464580.0,39.3
EROSMEDIA,2019-02-14 20:21:00,2019-02-14,2019-02-14,2019-02-14,Promoters,Market Purchase,Buy,Equity Shares,50000.0,0.0,0.0,0.0,0.0,37464580.0,39.23,37514580.0,39.28
EROSMEDIA,2019-02-18 15:03:00,2019-02-15,2019-02-15,2019-02-15,Promoters,Market Purchase,Buy,Equity Shares,150000.0,0.0,0.0,0.0,0.0,37514580.0,39.28,37664580.0,39.44
EROSMEDIA,2019-02-18 17:48:00,2019-02-18,2019-02-18,2019-02-18,Promoters,Market Purchase,Buy,Equity Shares,12722.0,0.0,0.0,0.0,0.0,37664580.0,39.44,37677302.0,39.45
EROSMEDIA,2019-02-19 18:58:00,2019-02-07,2019-02-05,2019-02-05,Promoters,Pledge Creation,Pledge,Equity Shares,500000.0,0.0,0.0,0.0,0.0,32932607.0,34.55,32932607.0,34.55
EROSMEDIA,2019-02-20 09:27:00,2019-02-19,2019-02-19,2019-02-19,Promoters,Others,Pledge Revoke,Equity Shares,5558438.0,0.0,0.0,0.0,0.0,37677302.0,39.45,37677302.0,39.45
EROSMEDIA,2019-03-06 17:06:00,2019-03-06,2019-03-06,2019-03-06,Promoters,Market Purchase,Buy,Equity Shares,100000.0,0.0,0.0,0.0,0.0,37677302.0,39.45,37777302.0,39.56
EROSMEDIA,2019-03-25 12:17:00,2019-03-22,2019-03-22,2019-03-22,Promoters,Market Purchase,Buy,Equity Shares,100000.0,0.0,0.0,0.0,0.0,37777302.0,39.55,37877302.0,39.66
EROSMEDIA,2019-03-25 19:31:00,2019-03-22,2019-03-22,2019-03-22,Promoters,Pledge Creation,Pledge,Equity Shares,572000.0,0.0,0.0,0.0,0.0,37877302.0,39.66,37877302.0,39.66
EROSMEDIA,2019-04-03 12:56:00,2019-04-03,2019-04-02,2019-04-03,Promoters,Revokation of Pledge,Pledge Revoke,Equity Shares,1000000.0,0.0,0.0,0.0,0.0,37877302.0,39.66,37877302.0,39.66
EROSMEDIA,2019-05-13 14:54:00,2019-05-06,2019-05-06,2019-05-06,Promoters,Others,Pledge,Equity Shares,2150000.0,0.0,0.0,0.0,0.0,37877302.0,39.66,37877302.0,39.66
EROSMEDIA,2019-05-13 14:54:00,2019-05-06,2019-05-03,2019-05-03,Promoters,Others,Pledge,Equity Shares,600000.0,0.0,0.0,0.0,0.0,37877302.0,39.66,37877302.0,39.66
EROSMEDIA,2019-05-20 17:24:00,2019-05-16,2019-05-15,2019-05-15,Promoters,Pledge Creation,Pledge,Equity Shares,855000.0,0.0,0.0,0.0,0.0,37877302.0,39.66,37877302.0,39.66
EROSMEDIA,2019-05-20 17:24:00,2019-05-16,2019-05-14,2019-05-14,Promoters,Pledge Creation,Pledge,Equity Shares,830000.0,0.0,0.0,0.0,0.0,37877302.0,39.66,37877302.0,39.66
EROSMEDIA,2019-06-10 20:30:00,2019-06-07,2019-06-07,2019-06-07,Promoters,Pledge Creation,Pledge,Equity Shares,2042000.0,0.0,0.0,0.0,0.0,37877302.0,39.66,37877302.0,39.66
EROSMEDIA,2019-06-10 20:30:00,2019-06-07,2019-06-06,2019-06-06,Promoters,Pledge Creation,Pledge,Equity Shares,944000.0,0.0,0.0,0.0,0.0,37877302.0,39.66,37877302.0,39.66
EROSMEDIA,2019-06-10 20:30:00,2019-06-10,2019-06-10,2019-06-10,Promoters,Pledge Creation,Pledge,Equity Shares,1854000.0,0.0,0.0,0.0,0.0,37877302.0,39.66,37877302.0,39.66
